% Testing arrays (e.g. [1,2,3]): should all contain 99
A = [99, 99, 99]
B = [198, 198] / 2
C = [49.5] * 2
D = [-33, 24.75] * [-3, 4]
E = [34, 76, -76] + [65, 23, 175]
F = [198, -198, 396, 594] / [2, -2, 4, 6]
G = [198, -198, 396, 594] - [99, -297, 297, 495]
H = [54.5, 54.5, 54.5, 54.5, 54.5] + 44.5
I = [112.82, 112.82, 112.82, 112.82] - 13.82
J = [12, 23.25, 47] + [1, 3, 2] * [87, 25.25, 26]
K = [200, 300] / [2, 3] - 1

